"idtimeslot";"time";"count"
